17.00
17.10
17.20
17.30
17.10
17.10
17.20
17.30
17.30
17.30
17.20
17.30
17.30
17.30
17.30
17.20
17.30
17.20
17.30
17.30
17.20
17.20
17.30
17.20
17.30
17.20
17.20
17.20
17.20
17.20
17.20
17.20
17.30
17.20
17.20
17.20
17.30
17.20
17.20
17.10
17.10
17.20
17.20
17.20
17.20
17.20
17.20
17.20
17.20
17.20
17.20
17.10
17.20
17.20
17.20
17.20
17.20
17.20
17.20
17.20
17.20
17.20
17.20
17.20
17.20
17.20
17.20
17.20
17.20
17.20
17.20
17.20
17.20
17.20
17.20
17.20
17.20
17.20
17.20
17.20
17.20
17.20
17.30
17.20
17.20
17.20
17.20
17.20
17.30
17.20
17.20
17.20
17.20
17.20
17.20
17.20
17.20
17.20
17.20
17.30
17.30
17.20
17.20
17.40
17.40
17.30
17.30
17.30
17.30
17.30
17.40
17.30
17.30
17.30
17.30
17.30
17.30
17.40
17.30
17.30
17.30
17.30
17.40
17.40
17.50
17.50
17.50
17.50
17.50
17.50
17.50
17.50
17.50
17.40
17.40
17.40
17.40
17.50
17.50
17.50
17.50
17.50
17.40
17.40
17.40
17.50
17.50
17.50
17.50
17.50
17.50
17.50
17.40
17.40
17.40
17.40
17.40
17.40
17.40
17.50
17.50
17.50
17.50
17.50
17.50
17.50
17.50
17.40
17.50
17.50
17.50
17.50
17.50
17.50
17.60
17.50
17.50
17.50
17.60
17.60
17.50
17.50
17.60
17.50
17.50
17.60
17.60
17.50
17.50
17.50
17.60
17.60
17.60
17.60
17.60
17.60
17.60
17.60
17.60
17.60
17.60
17.60
17.60
17.60
17.60
17.60
17.70
17.70
17.60
17.60
17.60
17.70
17.70
17.70
17.60
17.60
17.70
17.70
17.60
17.60
17.70
17.60
17.70
17.60
17.70
17.70
17.70
17.70
17.70
17.70
17.70
17.80
17.70
17.70
17.70
17.80
17.70
17.70
17.70
17.80
17.70
17.80
17.80
17.80
17.80
17.80
17.90
18.00
18.00
18.00
18.00
17.90
17.90
18.00
18.00
18.00
18.00
17.80
17.90
17.80
17.90
17.90
17.90
17.90
17.90
17.90
17.90
17.90
17.90
17.90
17.90
17.80
17.90
17.90
17.90
18.00
17.90
17.90
17.80
17.90
17.80
17.90
17.90
17.90
17.90
17.90
17.90
17.90
17.90
17.90
17.90
17.90
17.90
17.90
17.90
17.90
18.00
17.90
17.90
17.90
17.90
17.90
17.90
17.90
17.90
17.90
18.00
18.00
18.00
17.90
17.90
18.00
18.00
17.90
18.00
17.90
18.00
18.00
18.00
18.00
18.00
18.10
18.00
18.00
18.00
18.10
18.00
18.10
18.00
18.10
18.10
18.10
18.10
18.10
18.10
18.10
18.10
18.10
18.10
18.10
18.10
18.10
18.20
18.10
18.10
18.00
18.10
18.10
18.10
18.10
18.10
18.20
18.10
18.20
18.20
18.10
18.10
18.10
18.10
18.20
18.10
18.20
18.20
18.20
18.20
18.20
18.20
18.20
18.20
18.20
18.30
18.40
18.40
18.40
18.30
18.40
18.30
18.40
18.40
18.30
18.40
18.30
18.30
18.30
18.30
18.30
18.30
18.40
18.30
18.30
18.40
18.40
18.40
18.40
18.40
18.40
18.30
18.30
18.30
18.40
18.30
18.40
18.30
18.30
18.40
18.40
18.40
18.40
18.30
18.30
18.30
18.30
18.30
18.40
18.40
18.40
18.40
18.40
18.40
18.40
18.40
18.40
18.40
18.40
18.40
18.40
18.40
18.40
18.40
18.40
18.50
18.50
18.50
18.50
18.50
18.50
18.50
18.50
18.40
18.40
18.50
18.50
18.40
18.50
18.50
18.50
18.50
18.50
18.50
18.50
18.50
18.50
18.50
18.60
18.50
18.50
18.50
18.60
18.60
18.50
18.50
18.50
18.60
18.60
18.60
18.60
18.50
18.50
18.60
18.60
18.50
18.60
18.50
18.50
18.60
18.50
18.50
18.60
18.60
18.50
18.50
18.60
18.60
18.60
18.60
18.70
18.60
18.70
18.60
18.60
18.60
18.70
18.70
18.70
18.60
18.70
18.80
18.80
18.90
18.80
18.90
18.90
18.90
18.90
18.80
18.80
18.90
18.80
18.70
18.80
18.80
18.80
18.80
18.80
18.80
18.80
18.80
18.80
18.80
18.80
18.70
18.80
18.90
18.80
18.80
18.80
18.80
18.80
18.80
18.80
18.80
18.80
18.90
18.90
18.90
18.80
18.90
18.90
18.80
18.80
18.80
18.80
18.80
18.80
18.80
18.90
18.90
18.80
18.90
18.90
18.90
18.90
18.90
18.90
18.90
18.90
18.80
18.80
18.90
18.90
18.90
18.90
18.90
18.90
18.90
18.90
18.90
18.90
18.90
18.90
18.90
18.90
18.90
18.90
18.90
18.80
18.80
18.90
18.90
18.90
18.90
18.90
18.80
18.90
18.90
18.90
18.90
18.90
18.80
18.80
18.80
18.90
18.80
18.90
18.80
18.90
18.80
18.90
18.90
18.90
18.90
18.90
18.90
18.90
18.90
18.90
18.90
18.80
18.90
18.90
18.90
18.90
18.90
18.90
18.90
18.90
18.80
18.90
18.80
18.90
18.80
18.90
18.90
18.90
19.00
19.10
19.10
19.10
19.10
19.10
19.00
19.00
19.00
19.00
19.00
19.00
18.90
19.00
19.00
19.00
19.10
19.00
19.00
18.90
18.90
19.00
18.90
18.90
18.90
19.00
18.90
19.00
18.90
18.90
18.90
18.90
18.90
18.90
18.90
18.90
18.90
18.90
18.90
18.90
18.90
18.80
18.90
18.90
18.80
18.90
18.90
18.80
18.90
18.90
18.90
18.80
18.90
18.80
18.90
18.90
18.90
18.90
18.90
18.90
18.90
18.90
18.80
18.90
18.90
18.90
18.90
18.90
18.90
18.90
18.90
18.90
18.80
18.80
18.80
18.90
18.90
18.90
18.80
18.90
18.90
18.90
18.90
18.90
18.90
18.90
18.90
18.80
18.90
18.90
18.90
18.90
18.90
18.90
18.90
18.90
18.90
18.90
18.90
18.80
18.90
18.80
18.90
18.90
18.90
18.90
18.90
18.90
19.00
18.90
18.90
18.90
18.90
18.90
18.90
18.90
18.80
18.90
18.90
18.90
18.90
19.00
19.00
19.00
19.10
19.10
19.10
19.00
19.00
19.00
19.00
18.90
18.90
18.90
18.90
19.00
18.90
19.00
19.00
18.90
19.00
19.00
18.90
19.00
19.00
18.90
19.00
18.90
18.90
18.90
19.00
18.90
18.90
18.90
18.90
18.90
18.80
18.90
18.90
18.90
18.90
18.90
18.90
19.00
18.90
18.90
18.90
18.90
18.90
18.90
18.90
18.90
18.90
18.90
18.90
18.90
18.90
18.90
18.90
18.90
18.90
18.90
18.90
18.90
18.90
18.90
18.90
18.90
18.90
18.90
18.90
18.90
18.90
18.90
18.90
18.90
18.90
18.90
18.90
18.90
18.80
18.90
18.90
18.90
18.90
18.90
18.90
18.80
18.80
18.90
18.90
18.90
18.80
18.90
18.90
18.90
18.90
18.90
18.90
18.90
18.90
18.90
18.90
18.90
18.80
18.80
18.90
18.90
18.90
18.90
18.90
18.90
18.90
18.90
18.90
18.90
18.90
18.90
18.90
18.90
19.00
19.00
19.10
19.10
19.10
19.00
19.10
19.10
19.00
19.00
19.00
19.00
19.00
18.90
18.90
19.00
18.90
18.90
18.90
19.00
19.00
19.00
19.00
19.00
18.90
18.90
19.00
19.00
18.90
19.00
18.90
18.90
18.90
18.90
18.90
18.90
18.90
18.90
18.90
18.80
18.90
18.90
18.80
18.90
18.90
18.90
18.90
19.00
19.00
18.90
18.80
18.90
18.90
18.90
18.90
18.90
18.90
18.90
18.90
18.80
18.90
18.90
18.90
18.90
18.90
18.90
18.90
18.90
18.90
18.80
18.80
18.90
18.90
18.80
18.80
18.90
18.80
18.90
18.90
18.90
18.90
18.90
18.90
18.90
18.90
18.90
18.90
18.90
18.90
18.90
18.80
18.90
18.90
18.80
18.90
18.90
18.90
18.90
18.90
19.00
19.00
18.90
19.00
18.90
18.90
18.80
18.90
18.90
18.90
18.90
18.90
18.90
18.80
18.90
18.80
18.90
18.90
18.90
18.90
18.90
18.90
18.90
18.90
18.90
18.90
18.90
18.90
18.90
18.90
18.90
19.00
19.00
19.10
19.00
19.10
19.10
19.10
19.10
19.20
19.20
19.30
19.20
19.20
19.20
