1.68252e+09 -0.000319661 -0.000556709 0.000957923
1.68252e+09 -0.000319642 -0.000559042 0.000971844
1.68252e+09 -0.000319207 -0.000560081 0.000977814
1.68252e+09 -0.000317842 -0.000561135 0.000986281
1.68252e+09 -0.000316109 -0.000561153 0.000993933
1.68252e+09 -0.000314908 -0.000560683 0.000999047
1.68252e+09 -0.00031401 -0.000560086 0.00100476
1.68252e+09 -0.000313699 -0.000559695 0.00100849
1.68252e+09 -0.00031378 -0.000558547 0.0010153
1.68252e+09 -0.000146922 -0.000435007 0.00054025
1.68252e+09 -0.000151004 -0.000433528 0.000535259
1.68252e+09 -0.000153329 -0.000432617 0.000532674
1.68252e+09 -0.000157449 -0.00043037 0.000528125
1.68252e+09 -0.000159881 -0.000428762 0.000525567
1.68252e+09 -0.000164806 -0.000425782 0.000520608
1.68252e+09 -0.000168051 -0.000423989 0.000517406
1.68252e+09 -0.00017352 -0.000421542 0.000511582
1.68252e+09 -0.000176757 -0.000420398 0.000507844
1.68252e+09 -0.000182982 -0.000417761 0.000500669
1.68252e+09 -0.000186118 -0.000416103 0.00049706
1.68252e+09 -0.000192437 -0.000412384 0.000489784
1.68252e+09 -0.000250909 -0.000155454 0.000191257
1.68252e+09 -0.000259717 -0.000149533 0.000181639
1.68252e+09 -0.000263403 -0.000146759 0.000177357
1.68252e+09 -0.000272207 -0.00013948 0.000168002
1.68252e+09 -0.000276128 -0.000136032 0.000164378
1.68252e+09 -0.000285054 -0.000128234 0.000157811
1.68252e+09 -0.000289872 -0.000124135 0.000155001
1.68252e+09 -0.000300377 -0.000115697 0.000149212
1.68252e+09 -0.000304934 -0.000112348 0.000147003
1.68252e+09 -0.000312901 -0.000106573 0.000144401
1.68252e+09 -0.0003176 -0.000102975 0.000143412
1.68252e+09 -0.0003263 -9.57877e-05 0.000142139
1.68252e+09 -0.000332096 -9.06715e-05 0.000141848
1.68252e+09 -0.000428557 -0.000295074 0.000491789
1.68252e+09 -0.000432358 -0.000289215 0.000493613
1.68252e+09 -0.000437964 -0.000280624 0.000496572
1.68252e+09 -0.000441439 -0.000275334 0.000498638
1.68252e+09 -0.000447166 -0.000266282 0.000502499
1.68252e+09 -0.000450428 -0.000260735 0.000504905
1.68252e+09 -0.000455787 -0.000250443 0.000509866
1.68252e+09 -0.000459409 -0.000242318 0.000514311
1.68252e+09 -0.000462503 -0.000234733 0.000518526
1.68252e+09 -0.000466688 -0.000224183 0.000523963
1.68252e+09 -0.000469485 -0.000217062 0.000527284
1.68252e+09 -0.000473621 -0.000206458 0.000531914
1.68252e+09 -0.000476434 -0.000199635 0.00053488
1.68252e+09 -0.000481184 -0.000189123 0.000539431
1.68252e+09 -0.000284889 -0.000488227 0.000794148
1.68252e+09 -0.000281047 -0.000488395 0.000804714
1.68252e+09 -0.000275233 -0.000488582 0.000820021
1.68252e+09 -0.000270722 -0.000488117 0.000832776
1.68252e+09 -0.000266448 -0.00048716 0.000846552
1.68252e+09 -0.000264248 -0.000486799 0.000854115
1.68252e+09 -0.000259332 -0.000486393 0.000871905
1.68252e+09 -0.000254421 -0.000485651 0.000892201
1.68252e+09 -0.000250743 -0.000484855 0.000909402
1.68252e+09 -0.000247642 -0.000484839 0.000926655
1.68252e+09 -0.000250583 -0.000319095 0.000508131
1.68252e+09 -0.00025166 -0.000319035 0.000514914
1.68252e+09 -0.00025319 -0.000318991 0.000522766
1.68252e+09 -0.000253968 -0.000319104 0.000527997
1.68252e+09 -0.000254346 -0.000319058 0.000532153
1.68252e+09 -0.000254949 -0.000318047 0.00053907
1.68252e+09 -0.000255324 -0.000316983 0.000543114
1.68252e+09 -0.000255987 -0.000313649 0.000552898
1.68252e+09 -0.000256686 -0.000309764 0.000561466
1.68252e+09 -0.000258202 -0.000304712 0.000569846
1.68252e+09 -0.00026053 -0.000298448 0.000577675
1.68252e+09 -0.000261862 -0.000294907 0.000581353
1.68252e+09 -0.000266177 -0.000160183 0.000322523
1.68252e+09 -0.000272051 -0.000150447 0.000322214
1.68252e+09 -0.000277359 -0.000141401 0.00032192
1.68252e+09 -0.000280584 -0.000135603 0.000321593
1.68252e+09 -0.000284275 -0.000127484 0.000320532
1.68252e+09 -0.000286932 -0.000119508 0.000319264
1.68252e+09 -0.000289082 -0.000111397 0.000318539
1.68252e+09 -0.000291262 -0.000102822 0.000317836
1.68252e+09 -0.000292705 -9.76548e-05 0.000317083
1.68252e+09 -0.000294775 -9.00014e-05 0.000315693
1.68252e+09 -0.000295822 -8.52587e-05 0.000314819
1.68252e+09 -0.000297294 -7.6017e-05 0.000313197
1.68252e+09 -0.000297812 -7.12825e-05 0.000312424
1.68252e+09 -0.000521742 -0.000298674 0.000593045
1.68252e+09 -0.000521377 -0.000293612 0.000591429
1.68252e+09 -0.000520379 -0.000282731 0.000587686
1.68252e+09 -0.000519657 -0.000276302 0.000585571
1.68252e+09 -0.000517954 -0.000265418 0.000582234
1.68252e+09 -0.000516567 -0.000258122 0.000580004
1.68252e+09 -0.00051436 -0.000246841 0.000576607
1.68252e+09 -0.000513405 -0.000241834 0.000575218
1.68252e+09 -0.000512383 -0.000231825 0.000572469
1.68252e+09 -0.000512564 -0.000225495 0.000570603
1.68252e+09 -0.000514826 -0.000209111 0.000565292
1.68252e+09 -0.000327195 -0.000339864 5.55284e-05
1.68252e+09 -0.000329648 -0.000338788 4.29067e-05
1.68252e+09 -0.000335133 -0.000337036 1.90491e-05
1.68252e+09 -0.000337886 -0.000336407 8.64638e-06
1.68252e+09 -0.000344154 -0.000335607 -1.31106e-05
1.68252e+09 -0.000347881 -0.000335366 -2.59206e-05
1.68252e+09 -0.000353541 -0.00033444 -5.06553e-05
1.68252e+09 -0.000355435 -0.000333702 -6.23552e-05
1.68252e+09 -0.000358275 -0.000331876 -8.59416e-05
1.68252e+09 -0.000359519 -0.00033065 -0.000101573
1.68252e+09 -0.00036019 -0.000329032 -0.000125721
1.68252e+09 -0.000359856 -0.000328076 -0.000140978
1.68252e+09 -0.000358568 -0.000326002 -0.000166559
1.68252e+09 -0.00035726 -0.000323856 -0.000186625
1.68252e+09 -0.000355592 -0.00032114 -0.000209509
1.68252e+09 -0.000354538 -0.000319425 -0.000223302
1.68252e+09 -0.000313153 -2.71673e-05 -0.000421094
1.68252e+09 -0.0003154 -2.30972e-05 -0.000435055
1.68252e+09 -0.000320511 -1.64647e-05 -0.000456017
1.68252e+09 -0.000324394 -1.24763e-05 -0.000468079
1.68252e+09 -0.00033231 -5.67089e-06 -0.000490212
1.68252e+09 -0.000337808 -1.52915e-06 -0.000504313
1.68252e+09 -0.000348129 5.58078e-06 -0.000527855
1.68252e+09 -0.000359595 1.30461e-05 -0.000554009
1.68252e+09 -0.000368959 1.96086e-05 -0.000580692
1.68252e+09 -0.000376779 2.6416e-05 -0.000612421
1.68252e+09 -0.000679337 -1.97426e-05 -0.000492711
1.68252e+09 -0.000696428 -1.78148e-05 -0.000511854
1.68252e+09 -0.000705741 -1.6895e-05 -0.000522781
1.68252e+09 -0.000721377 -1.60734e-05 -0.000541576
1.68252e+09 -0.000730097 -1.57813e-05 -0.000551875
1.68252e+09 -0.000749209 -1.42243e-05 -0.000573668
1.68252e+09 -0.00075817 -1.3044e-05 -0.00058346
1.68252e+09 -0.00077069 -1.12664e-05 -0.000596276
1.68252e+09 -0.000788276 -9.17512e-06 -0.000614302
1.68252e+09 -0.000798924 -8.19897e-06 -0.00062572
1.68252e+09 -0.00059285 7.67388e-05 -0.000437415
1.68252e+09 -0.000598254 7.92151e-05 -0.000444136
1.68252e+09 -0.000607467 8.27514e-05 -0.000455427
1.68252e+09 -0.000614482 8.51903e-05 -0.00046449
1.68252e+09 -0.000622464 8.77252e-05 -0.000475834
1.68252e+09 -0.000629938 8.98312e-05 -0.000486782
1.68252e+09 -0.000635592 9.15352e-05 -0.000495002
1.68252e+09 -0.000644436 9.5028e-05 -0.000508089
1.68252e+09 -0.000649592 9.74592e-05 -0.000515986
1.68252e+09 -0.000658259 0.000101833 -0.00053062
1.68252e+09 -0.000662667 0.000104281 -0.000538885
1.68252e+09 -0.000670444 0.000109075 -0.000554345
1.68252e+09 -0.000674363 0.000111695 -0.000562625
1.68252e+09 -0.000680644 0.00011618 -0.000577377
1.68252e+09 -0.000683713 0.000118371 -0.000585499
1.68252e+09 -0.000149684 0.00017039 -0.000190783
1.68252e+09 -0.000143307 0.000169139 -0.000188085
1.68252e+09 -0.000134089 0.000167293 -0.000183699
1.68252e+09 -0.000130086 0.000166652 -0.00018164
1.68252e+09 -0.000121584 0.000165004 -0.00017721
1.68252e+09 -0.000116937 0.000163803 -0.000174759
1.68252e+09 -0.000108294 0.000161465 -0.00016998
1.68252e+09 -0.000102688 0.000160259 -0.000166661
1.68252e+09 -9.35482e-05 0.0001589 -0.000161034
1.68252e+09 -8.4785e-05 0.00015737 -0.000156058
1.68252e+09 -7.62362e-05 0.000155523 -0.000152281
1.68252e+09 -6.6313e-05 0.000153718 -0.000148532
1.68252e+09 -6.04575e-05 0.000152868 -0.000146133
1.68252e+09 -5.04982e-05 0.00015151 -0.000141358
1.68252e+09 -7.00181e-05 5.63292e-05 -4.00186e-06
1.68252e+09 -6.51549e-05 5.31283e-05 3.36014e-06
1.68252e+09 -5.7291e-05 4.766e-05 1.69231e-05
1.68252e+09 -5.12162e-05 4.29694e-05 2.92366e-05
1.68252e+09 -4.43443e-05 3.67371e-05 4.44742e-05
1.68252e+09 -3.81218e-05 3.06287e-05 5.77693e-05
1.68252e+09 -3.13958e-05 2.45253e-05 7.05726e-05
1.68252e+09 -2.83145e-05 2.19385e-05 7.61001e-05
1.68252e+09 -2.11823e-05 1.63656e-05 8.83888e-05
1.68252e+09 -1.75801e-05 1.38724e-05 9.40932e-05
1.68252e+09 -9.34005e-06 9.95097e-06 0.000108535
1.68252e+09 -9.38406e-08 4.35236e-06 0.00012234
1.68252e+09 9.0973e-06 -1.85674e-06 0.00013646
1.68252e+09 1.58208e-05 -7.10821e-06 0.000146953
1.68252e+09 2.07229e-05 -1.13574e-05 0.000154144
1.68252e+09 2.94385e-05 -1.97061e-05 0.000165859
1.68252e+09 3.62477e-05 -2.72983e-05 0.000175062
1.68252e+09 4.3526e-05 -3.678e-05 0.000185424
1.68252e+09 4.69719e-05 -4.15502e-05 0.000190282
1.68252e+09 5.53047e-05 -5.13546e-05 0.00020062
1.68252e+09 5.97182e-05 -5.56061e-05 0.000205462
1.68252e+09 -0.000201541 -1.04987e-05 -0.00014636
1.68252e+09 -0.000203389 -1.4036e-05 -0.000149934
1.68252e+09 -0.000206009 -1.92702e-05 -0.000156625
1.68252e+09 -0.000207966 -2.30442e-05 -0.000163434
1.68252e+09 -0.000209998 -2.5965e-05 -0.000170944
1.68252e+09 -0.000214334 -3.22863e-05 -0.000189807
1.68252e+09 -0.000216366 -3.59694e-05 -0.000201323
1.68252e+09 -0.000218689 -3.94904e-05 -0.000213691
1.68252e+09 -0.000220895 -4.21629e-05 -0.000224461
1.68252e+09 -0.000222377 -4.40421e-05 -0.000232315
1.68252e+09 -0.000238951 -4.71311e-05 -0.000228007
1.68252e+09 -0.000242725 -5.24459e-05 -0.000240076
1.68252e+09 -0.000245221 -5.57969e-05 -0.000246685
1.68252e+09 -0.000250025 -6.08877e-05 -0.000256975
1.68252e+09 -0.000253037 -6.3637e-05 -0.00026252
1.68252e+09 -0.000259123 -6.9151e-05 -0.000273346
1.68252e+09 -0.000262616 -7.23534e-05 -0.000279502
1.68252e+09 -0.000269967 -7.90976e-05 -0.000290519
1.68252e+09 -0.000273064 -8.19026e-05 -0.000294373
1.68252e+09 -0.000281814 -9.03032e-05 -0.000305775
1.68252e+09 -0.000289045 -9.87192e-05 -0.000316906
1.68252e+09 -0.000280287 -0.000110542 -0.00031982
1.68252e+09 -0.000284604 -0.00011897 -0.000329621
1.68252e+09 -0.00028726 -0.000124125 -0.000335874
1.68252e+09 -0.000292928 -0.000134558 -0.000349392
1.68252e+09 -0.000298885 -0.000143316 -0.000362378
1.68252e+09 -0.000305207 -0.000149702 -0.000373709
1.68252e+09 -0.000311875 -0.000154608 -0.000383525
1.68252e+09 -0.000317444 -0.000158281 -0.000390489
1.68252e+09 -0.000320733 -0.000160529 -0.000394152
1.68252e+09 -0.000326923 -0.000164846 -0.000400258
1.68252e+09 -0.000333881 -0.000169739 -0.000405803
1.68252e+09 -0.000339992 -0.000174628 -0.00040942
1.68252e+09 -1.942e-05 0.000174019 -0.000654131
1.68252e+09 -2.4777e-05 0.000171867 -0.00065687
1.68252e+09 -2.83387e-05 0.000170403 -0.000658399
1.68252e+09 -3.42882e-05 0.000168031 -0.000660968
1.68252e+09 -3.80133e-05 0.000166631 -0.000663002
1.68252e+09 -4.39302e-05 0.000164645 -0.000667681
1.68252e+09 -4.73162e-05 0.00016362 -0.000671183
1.68252e+09 -5.35163e-05 0.000162241 -0.000677732
1.68252e+09 -5.64872e-05 0.00016184 -0.000680659
1.68252e+09 -6.30562e-05 0.000160965 -0.00068743
1.68252e+09 -6.56271e-05 0.000160525 -0.000690399
1.68252e+09 -7.09788e-05 0.000159424 -0.00069665
1.68252e+09 -7.47387e-05 0.00015867 -0.000700623
1.68252e+09 -8.24612e-05 0.00015745 -0.00070749
1.68252e+09 -8.67775e-05 0.000156857 -0.000710883
1.68252e+09 -9.3414e-05 0.000156071 -0.000714955
1.68252e+09 -9.78387e-05 0.000155411 -0.000718254
1.68252e+09 -0.000106562 0.000154358 -0.000724493
1.68252e+09 -0.000115513 0.000153817 -0.00073056
1.68252e+09 -0.000126309 0.000152852 -0.00073891
1.68252e+09 -0.000130252 0.000152163 -0.000742672
1.68252e+09 -0.000137344 0.000150976 -0.000750259
1.68252e+09 -0.000143102 0.000150345 -0.000756357
1.68252e+09 -0.000149018 0.000149753 -0.000762279
1.68252e+09 0.000111053 0.000230504 -0.000990663
1.68252e+09 0.000107986 0.00022388 -0.000994378
1.68252e+09 0.000106855 0.000221074 -0.000995988
1.68252e+09 0.000103743 0.000214887 -0.000999178
1.68252e+09 0.000102138 0.000212258 -0.00100022
1.68252e+09 9.85781e-05 0.000206337 -0.00100177
1.68252e+09 9.66533e-05 0.000203118 -0.00100245
1.68252e+09 9.24826e-05 0.000196396 -0.00100394
1.68252e+09 9.08467e-05 0.000193818 -0.00100442
1.68252e+09 8.65909e-05 0.000187634 -0.00100496
1.68252e+09 8.38745e-05 0.00018427 -0.00100497
1.68252e+09 7.87543e-05 0.000179051 -0.001005
1.68252e+09 7.59785e-05 0.000176521 -0.00100503
1.68252e+09 6.9912e-05 0.000170902 -0.0010054
1.68252e+09 6.58692e-05 0.00016275 -0.00101069
1.68252e+09 6.02209e-05 0.000156645 -0.00101212
1.68252e+09 5.73677e-05 0.000153532 -0.00101279
1.68252e+09 5.11612e-05 0.000147555 -0.00101373
1.68252e+09 4.77792e-05 0.000144723 -0.00101394
1.68252e+09 4.18179e-05 0.00013977 -0.0010141
1.68252e+09 3.88297e-05 0.000137084 -0.00101425
1.68252e+09 3.33456e-05 0.000131726 -0.00101488
1.68252e+09 3.09032e-05 0.00012936 -0.0010154
1.68252e+09 2.50702e-05 0.000124447 -0.00101742
1.68252e+09 2.2139e-05 0.000122291 -0.00101863
1.68252e+09 1.58287e-05 0.000118042 -0.00102062
1.68252e+09 1.15435e-05 0.000115332 -0.00102148
1.68252e+09 2.54873e-06 0.000110006 -0.00102246
1.68252e+09 0.000314077 0.000140191 -0.00049873
1.68252e+09 0.00031018 0.000136436 -0.000493716
1.68252e+09 0.00030744 0.000133994 -0.000491009
1.68252e+09 0.000302356 0.000129957 -0.000487051
1.68252e+09 0.000299355 0.000127788 -0.000485169
1.68252e+09 0.000292848 0.000123362 -0.000481689
1.68252e+09 0.000289205 0.00012118 -0.000480017
1.68252e+09 0.000282894 0.000118286 -0.000477239
1.68252e+09 0.000278901 0.000116909 -0.00047539
1.68252e+09 0.000272358 0.000114985 -0.000472317
1.68252e+09 0.000268769 0.000114046 -0.000470583
1.68252e+09 0.000260914 0.000112678 -0.000466277
1.68252e+09 8.85888e-05 -0.000155352 -0.000289386
1.68252e+09 8.11787e-05 -0.000157603 -0.000280797
1.68252e+09 7.83232e-05 -0.000158594 -0.000277587
1.68252e+09 7.32643e-05 -0.000160615 -0.000271348
1.68252e+09 6.8268e-05 -0.000162712 -0.000264628
1.68252e+09 6.30725e-05 -0.000164696 -0.000257753
1.68252e+09 6.00948e-05 -0.000165723 -0.000254027
1.68252e+09 5.42721e-05 -0.000167527 -0.000247187
1.68252e+09 4.9649e-05 -0.000168584 -0.000242587
1.68252e+09 4.30275e-05 -0.000169726 -0.000236908
1.68252e+09 3.84803e-05 -0.00017044 -0.000233015
1.68252e+09 3.38029e-05 -0.000171196 -0.000228745
1.68252e+09 -0.000776002 -0.000678541 9.42439e-05
1.68252e+09 -0.000780234 -0.000677284 9.61744e-05
1.68252e+09 -0.000788332 -0.00067503 9.94223e-05
1.68252e+09 -0.00079267 -0.00067384 0.000100903
1.68252e+09 -0.000799206 -0.000671728 0.00010293
1.68252e+09 -0.000802299 -0.000670434 0.000103848
1.68252e+09 -0.000809593 -0.000666708 0.00010469
1.68252e+09 -0.000815665 -0.000663493 0.000104051
1.68252e+09 -0.000820428 -0.00066114 0.000103298
1.68252e+09 -0.000825173 -0.000659217 0.000102497
1.68252e+09 -0.000827933 -0.000658361 0.000102081
1.68252e+09 -0.000833573 -0.000656599 0.000101745
1.68252e+09 -0.000646424 -0.000562909 -2.49802e-05
1.68252e+09 -0.000651463 -0.00056324 -2.78228e-05
1.68252e+09 -0.000654239 -0.000563431 -2.93649e-05
1.68252e+09 -0.00065955 -0.000563761 -3.16529e-05
1.68252e+09 -0.000662457 -0.000563934 -3.24425e-05
1.68252e+09 -0.000667784 -0.000564109 -3.33097e-05
1.68252e+09 -0.00067006 -0.000564137 -3.3595e-05
1.68252e+09 -0.000674848 -0.000564696 -3.4682e-05
1.68252e+09 -0.000679635 -0.00056581 -3.61005e-05
1.68252e+09 -0.000684924 -0.000566857 -3.70333e-05
1.68252e+09 -0.000690083 -0.000568128 -3.76761e-05
1.68252e+09 -0.000372078 -0.000386956 -1.60612e-05
1.68252e+09 -0.000372278 -0.000388726 -1.56398e-05
1.68252e+09 -0.000372602 -0.00039054 -1.50733e-05
1.68252e+09 -0.000374161 -0.000394731 -1.37088e-05
1.68252e+09 -0.000375621 -0.000397756 -1.28356e-05
1.68252e+09 -0.000376768 -0.000400328 -1.23053e-05
1.68252e+09 -0.00037859 -0.000404889 -1.1359e-05
1.68252e+09 -0.000379793 -0.000407663 -1.05249e-05
1.68252e+09 -0.000381482 -0.000410931 -9.19846e-06
1.68252e+09 -0.000382284 -0.000412625 -8.22363e-06
1.68252e+09 -0.000382747 -0.000414855 -6.83377e-06
1.68252e+09 -0.00038235 -0.000418847 -5.48136e-06
1.68252e+09 -0.000381034 -0.000423805 -5.18961e-06
1.68252e+09 -0.000380186 -0.000426479 -5.37113e-06
1.68252e+09 -0.00037696 -0.000429148 -1.01369e-05
1.68252e+09 -0.000374304 -0.00043416 -1.17896e-05
1.68252e+09 -0.000372735 -0.000436794 -1.30045e-05
1.68252e+09 -0.000370483 -0.000441623 -1.56881e-05
1.68252e+09 -0.000369901 -0.000444054 -1.7166e-05
1.68252e+09 -0.000369659 -0.000448128 -1.94163e-05
1.68252e+09 -0.000370037 -0.000453951 -2.15721e-05
1.68252e+09 -0.000370658 -0.000458985 -2.22172e-05
1.68252e+09 -0.000371742 -0.000464251 -2.18606e-05
1.68252e+09 -0.000372741 -0.000467663 -2.138e-05
1.68252e+09 -0.000374405 -0.000473434 -2.0998e-05
1.68252e+09 -0.000375305 -0.000477509 -2.1169e-05
1.68252e+09 -0.000379597 -0.000478532 -1.4063e-05
1.68252e+09 -0.000380431 -0.000482752 -1.44697e-05
1.68252e+09 -0.000381617 -0.000488318 -1.4691e-05
1.68252e+09 -0.000382188 -0.000491226 -1.46779e-05
1.68252e+09 -0.000383037 -0.000496523 -1.50665e-05
1.68252e+09 -0.000383502 -0.000499688 -1.57128e-05
1.68252e+09 -0.000384125 -0.000504493 -1.69587e-05
1.68252e+09 -0.00038442 -0.000507369 -1.78183e-05
1.68252e+09 -0.00038542 -0.000511998 -2.01928e-05
1.68252e+09 -0.000386645 -0.000514942 -2.24628e-05
1.68252e+09 -0.000389197 -0.000518798 -2.58457e-05
1.68252e+09 -0.000392551 -0.000521969 -2.83966e-05
1.68252e+09 -0.000395392 -0.000526573 -3.27332e-05
1.68252e+09 -0.000397992 -0.000528019 -3.39033e-05
1.68252e+09 -0.000402931 -0.000530558 -3.69455e-05
1.68252e+09 -0.000406661 -0.000532863 -3.98319e-05
1.68252e+09 -0.000409473 -0.00053517 -4.21979e-05
1.68252e+09 -0.000410782 -0.000536551 -4.34895e-05
1.68252e+09 -0.000413108 -0.000539849 -4.63759e-05
1.68252e+09 -0.000414133 -0.000541756 -4.77999e-05
1.68252e+09 -0.000416094 -0.000545985 -5.06505e-05
1.68252e+09 -0.00041827 -0.000550344 -5.35455e-05
1.68252e+09 -0.000420372 -0.000555032 -5.63059e-05
1.68252e+09 -0.000421162 -0.000559303 -5.84159e-05
1.68252e+09 -8.44097e-05 0.000109102 4.03701e-05
1.68252e+09 -8.52361e-05 0.000111195 4.17695e-05
1.68252e+09 -8.64379e-05 0.000114572 4.50204e-05
1.68252e+09 -8.72596e-05 0.00011704 4.79178e-05
1.68252e+09 -8.80109e-05 0.000120469 5.19631e-05
1.68252e+09 -8.82994e-05 0.000122859 5.45255e-05
1.68252e+09 -8.87949e-05 0.000128032 5.91713e-05
1.68252e+09 -8.92286e-05 0.000131635 6.18997e-05
1.68252e+09 -9.0774e-05 0.000140634 6.77486e-05
1.68252e+09 -9.16751e-05 0.000145742 7.07285e-05
1.68252e+09 -9.22251e-05 0.000149345 7.24816e-05
1.68252e+09 -9.64328e-05 0.000153088 6.88735e-05
1.68252e+09 -9.80262e-05 0.000158029 6.91717e-05
1.68252e+09 -9.99584e-05 0.000163129 6.93048e-05
1.68252e+09 -0.000101336 0.000166657 6.93146e-05
1.68252e+09 -0.000103552 0.000172553 6.90777e-05
1.68252e+09 -0.000104651 0.000175606 6.88223e-05
1.68252e+09 -0.000105875 0.000178962 6.84578e-05
1.68252e+09 -0.000107988 0.000183984 6.79409e-05
1.68252e+09 -0.000109907 0.000187358 6.77493e-05
1.68252e+09 -0.000111583 0.000189792 6.76269e-05
1.68252e+09 -0.00011388 0.0001935 6.74736e-05
1.68252e+09 -0.000115384 0.000196363 6.7567e-05
1.68252e+09 -0.00011796 0.000201681 6.81092e-05
1.68252e+09 -0.000119497 0.000204592 6.85206e-05
1.68252e+09 -0.000121963 0.000210349 7.00721e-05
1.68252e+09 -0.000124351 0.000213056 7.0218e-05
1.68252e+09 -0.000127784 0.000217147 6.99697e-05
1.68252e+09 -0.000130888 0.000221403 6.95688e-05
1.68252e+09 -0.000134081 0.0002267 6.98006e-05
1.68252e+09 -0.000135401 0.000229381 7.02484e-05
1.68252e+09 -0.0001376 0.000234657 7.07971e-05
1.68252e+09 -0.000138804 0.000237964 7.07621e-05
1.68252e+09 -0.000140955 0.000244062 7.04116e-05
1.68252e+09 -0.000142244 0.000248063 7.0172e-05
1.68252e+09 -0.000143985 0.000254755 6.94652e-05
1.68252e+09 -0.000144907 0.00025865 6.878e-05
1.68252e+09 -0.000146468 0.000265412 6.76256e-05
1.68252e+09 -0.000151002 0.000262683 7.11618e-05
1.68252e+09 -0.000152441 0.000267977 7.04687e-05
1.68252e+09 -0.00015317 0.000270155 6.97812e-05
1.68252e+09 -0.000155118 0.000274679 6.6675e-05
1.68252e+09 -0.000156363 0.000277162 6.40757e-05
1.68252e+09 -0.000158517 0.000281701 5.97226e-05
1.68252e+09 -0.000159772 0.000284825 5.72409e-05
1.68252e+09 -0.00016138 0.00029149 5.20316e-05
1.68252e+09 -0.000161642 0.000294544 4.96129e-05
1.68252e+09 -0.000161403 0.000302065 4.48488e-05
1.68252e+09 -0.000161074 0.000305509 4.32916e-05
1.68252e+09 -0.000160434 0.000312421 4.08263e-05
1.68252e+09 -0.000160087 0.000316343 3.95316e-05
1.68252e+09 -0.000159357 0.000323344 3.6548e-05
1.68252e+09 -0.000160719 0.000328119 3.17315e-05
1.68252e+09 -0.000159815 0.000334706 2.79051e-05
1.68252e+09 -0.00015918 0.000338839 2.56028e-05
1.68252e+09 -0.000157643 0.000346376 2.17991e-05
1.68252e+09 -0.000156553 0.00035087 1.97762e-05
1.68252e+09 -0.000155161 0.000359029 1.66187e-05
1.68252e+09 -0.000155019 0.000364163 1.48443e-05
1.68252e+09 -0.000155971 0.000370931 1.31466e-05
1.68252e+09 -0.000156899 0.000373974 1.27591e-05
1.68252e+09 -0.000160186 0.000380033 1.20971e-05
1.68252e+09 -0.000162486 0.000382787 1.1538e-05
1.68252e+09 -0.000167175 0.000387658 8.9029e-06
1.68252e+09 -0.000169698 0.00039011 6.80377e-06
1.68252e+09 -0.000174239 0.000394435 1.78931e-06
1.68252e+09 -0.000175763 0.000396041 -8.23366e-07
1.68252e+09 -0.000178882 0.000403696 -7.30271e-06
1.68252e+09 -0.000179432 0.00040609 -1.02546e-05
1.68252e+09 -0.000179794 0.000411596 -1.64682e-05
1.68252e+09 -0.000179954 0.000415206 -2.0089e-05
1.68252e+09 -0.000180371 0.000423024 -2.90077e-05
1.68252e+09 -0.000180384 0.000425511 -3.24945e-05
1.68252e+09 -0.0001799 0.000431527 -4.16345e-05
1.68252e+09 -0.000179203 0.0004345 -4.65153e-05
1.68252e+09 -0.000176815 0.000441169 -5.51585e-05
1.68252e+09 -0.000175048 0.000445842 -5.92512e-05
1.68252e+09 -0.000170813 0.000456303 -6.70987e-05
1.68252e+09 -0.000167354 0.000464172 -7.26041e-05
1.68252e+09 -0.000191456 0.00123013 8.52972e-05
1.68252e+09 -0.000188171 0.0012385 8.05122e-05
1.68252e+09 -0.000182458 0.00125357 7.24024e-05
1.68252e+09 -0.000179555 0.00126202 6.78345e-05
1.68252e+09 -0.000175684 0.00127474 5.97315e-05
1.68252e+09 -0.000173977 0.00128175 5.4813e-05
1.68252e+09 -0.000171129 0.0012988 4.21026e-05
1.68252e+09 -0.000169982 0.00130826 3.42734e-05
1.68252e+09 -0.000167994 0.00132117 2.26972e-05
1.68252e+09 -0.000165011 0.00133316 1.19296e-05
1.68252e+09 -0.000159328 0.00134659 1.17732e-08
1.68252e+09 -0.000154721 0.00135427 -7.03665e-06
1.68252e+09 -0.000123515 0.00139342 -3.98347e-05
1.68252e+09 -0.00011335 0.00140476 -4.77764e-05
1.68252e+09 -9.53178e-05 0.00142948 -6.16067e-05
1.68252e+09 -0.000133009 0.00236332 0.000300893
1.68252e+09 -0.000121102 0.00239068 0.000292286
1.68252e+09 -0.000116957 0.0024007 0.000288876
1.68252e+09 -0.000102418 0.00243626 0.000280911
1.68252e+09 -9.04242e-05 0.00246697 0.000280332
1.68252e+09 -6.958e-05 0.00253327 0.000291275
1.68252e+09 -6.456e-05 0.00255211 0.000296185
1.68252e+09 -0.00060616 0.00417475 5.88411e-05
1.68252e+09 -0.000612362 0.00419633 5.81006e-05
1.68252e+09 -0.000614898 0.0042068 5.7703e-05
1.68252e+09 -0.000618879 0.00422742 5.78915e-05
1.68252e+09 -0.000621295 0.00424258 5.89147e-05
1.68252e+09 -0.000625719 0.00427962 6.17895e-05
1.68252e+09 -0.00062786 0.00430502 6.28416e-05
1.68252e+09 -0.000631819 0.00433628 6.26693e-05
1.68252e+09 -0.000631204 0.00434268 8.23285e-05
1.68252e+09 -0.000638989 0.00437443 8.80461e-05
1.68252e+09 -0.000643494 0.00439307 9.31676e-05
1.68252e+09 -0.000650605 0.00443025 0.000105611
1.68252e+09 -0.000653671 0.00445065 0.000113577
1.68252e+09 -0.000658653 0.00448672 0.000129596
1.68252e+09 -0.000661539 0.00450858 0.000140409
1.68252e+09 -0.000674915 0.00454368 0.0001646
1.68252e+09 -0.000678951 0.00456736 0.000178121
1.68252e+09 -0.000685018 0.00459994 0.000196907
1.68252e+09 -0.000689339 0.00462606 0.000211997
1.68252e+09 -0.000693663 0.00466009 0.000232861
1.68252e+09 -0.000696015 0.00468132 0.000247993
1.68252e+09 -0.000701277 0.00472304 0.000283164
1.68252e+09 -0.000703204 0.00473526 0.000294201
1.68252e+09 -0.000708462 0.00476401 0.000318958
1.68252e+09 -0.000714024 0.00478204 0.000347444
1.68252e+09 -0.000721173 0.00481937 0.000373309
1.68252e+09 -0.000724782 0.0048398 0.000386101
1.68252e+09 -0.000731745 0.00488081 0.000411843
1.68252e+09 -0.00073577 0.00490785 0.000429192
1.68252e+09 -0.000739935 0.00495213 0.000456372
1.68252e+09 -0.000741132 0.00497946 0.000472208
1.68252e+09 -0.000750628 0.00503166 0.000525182
1.68252e+09 -0.000750563 0.00505769 0.000543493
1.68252e+09 -0.000750902 0.00510161 0.000577425
1.68252e+09 -0.000751215 0.00511263 0.000586408
1.68252e+09 -0.000753729 0.00516211 0.000626203
1.68252e+09 -0.000754844 0.0051804 0.0006406
1.68252e+09 -0.000756132 0.00521648 0.000669368
1.68252e+09 -0.000756544 0.00524236 0.000690406
1.68252e+09 -0.000757393 0.00529148 0.000730769
1.68252e+09 -0.00075309 0.00531395 0.000766932
1.68252e+09 -0.00075163 0.00536082 0.000809678
1.68252e+09 -0.000750335 0.00539157 0.000837881
1.68252e+09 -0.000749915 0.00543768 0.000879672
1.68252e+09 -0.000741698 0.00551269 0.000937774
1.68252e+09 -0.000740663 0.00552753 0.000949911
1.68252e+09 -0.000736919 0.00556773 0.000985083
1.68252e+09 -0.000734991 0.00558422 0.00100033
1.68252e+09 -0.000729492 0.00562174 0.00103204
1.68252e+09 -0.000726529 0.00564031 0.00104709
1.68252e+09 -0.000720307 0.00568007 0.00108175
1.68252e+09 -0.000719164 0.00581217 0.0012253
1.68252e+09 -0.000718229 0.00582415 0.00124065
1.68252e+09 -0.00071356 0.00585346 0.0012799
1.68252e+09 -0.000727812 0.00586399 0.00133952
1.68252e+09 -0.000720535 0.00589848 0.00139208
1.68252e+09 -0.000717375 0.0059138 0.00141491
1.68252e+09 -0.000712779 0.00593865 0.00145228
1.68252e+09 -0.000709826 0.00595604 0.00147799
1.68252e+09 -0.000707724 0.00596747 0.0014944
1.68252e+09 -0.000704463 0.00598306 0.00151702
1.68252e+09 -0.000701366 0.0059983 0.00153938
1.68252e+09 -0.000698717 0.00601317 0.00156113
1.68252e+09 -0.000697552 0.00602026 0.0015715
1.68252e+09 -0.000695226 0.00603533 0.00159388
1.68252e+09 -0.000122662 0.00490716 0.00138524
1.68252e+09 -0.000110613 0.00491769 0.00140605
1.68252e+09 -0.000104668 0.00492281 0.00141616
1.68252e+09 -8.97934e-05 0.00493568 0.00144156
1.68252e+09 -8.56131e-05 0.00493935 0.00144886
1.68252e+09 -7.26098e-05 0.00495116 0.00147284
1.68252e+09 -6.70373e-05 0.0049564 0.00148375
1.68252e+09 -5.59109e-05 0.00496709 0.00150656
1.68252e+09 -4.93583e-05 0.00497357 0.00152055
1.68252e+09 -3.69972e-05 0.00498639 0.00154617
1.68252e+09 -3.17463e-05 0.00499196 0.00155616
1.68252e+09 -2.01208e-05 0.00500401 0.00157644
1.68252e+09 -1.30535e-05 0.00501128 0.00158835
1.68252e+09 0.000625185 0.00389766 0.00134923
1.68252e+09 0.000656632 0.00390334 0.00137222
1.68252e+09 0.000686112 0.00390863 0.00139381
1.68252e+09 0.000702034 0.00391156 0.00140578
1.68252e+09 0.000732293 0.00391742 0.00142923
1.68252e+09 0.00074791 0.00392055 0.00144171
1.68252e+09 0.000774586 0.00392612 0.0014632
1.68252e+09 0.000794076 0.00393033 0.00147867
1.68252e+09 0.000822732 0.00393672 0.00150136
1.68252e+09 0.000838263 0.00394048 0.00151398
1.68252e+09 0.000874303 0.00395013 0.0015441
1.68252e+09 0.000890706 0.00395463 0.00155801
1.68252e+09 0.000613141 0.00381608 0.00127625
1.68252e+09 0.00063972 0.00382111 0.00129567
1.68252e+09 0.000657638 0.00382427 0.00130842
1.68252e+09 0.000687397 0.00382923 0.00132971
1.68252e+09 0.00071376 0.00383338 0.0013485
1.68252e+09 0.000741709 0.00383796 0.00136827
1.68252e+09 0.000757799 0.00384082 0.00137974
1.68252e+09 0.000788336 0.00384677 0.00140194
1.68252e+09 0.000803169 0.00384985 0.00141283
1.68252e+09 0.000833745 0.00385583 0.00143465
1.68252e+09 0.000848628 0.00385842 0.00144468
1.68252e+09 0.00087815 0.00386336 0.00146345
1.68252e+09 0.00089661 0.00386657 0.00147509
1.68252e+09 0.000929127 0.00387282 0.00149638
1.68252e+09 0.000595471 0.00379454 0.00142111
1.68252e+09 0.000624065 0.00380036 0.0014447
1.68252e+09 0.000640718 0.00380411 0.00145843
1.68252e+09 0.000669812 0.00381138 0.00148251
1.68252e+09 0.000687007 0.00381602 0.00149679
1.68252e+09 0.000718073 0.00382518 0.00152273
1.68252e+09 0.00073342 0.00383001 0.00153567
1.68252e+09 0.000759754 0.00383804 0.00155712
1.68252e+09 0.000778249 0.00384353 0.00157129
1.68252e+09 0.000807837 0.00385295 0.00159356
1.68252e+09 0.000824962 0.00385896 0.00160658
1.68252e+09 0.000854307 0.00386991 0.00162898
1.68252e+09 0.000869799 0.00387573 0.00164099
1.68252e+09 0.000572373 0.00388467 0.00132593
1.68252e+09 0.000585848 0.00388995 0.00133566
1.68252e+09 0.000616844 0.00390238 0.00135873
1.68252e+09 0.000631853 0.00390856 0.00137039
1.68252e+09 0.000662385 0.00392056 0.00139425
1.68252e+09 0.000677036 0.00392599 0.00140549
1.68252e+09 0.000709967 0.00393766 0.00142991
1.68252e+09 0.000725372 0.00394294 0.00144118
1.68252e+09 0.000756678 0.00395379 0.00146493
1.68252e+09 0.000774686 0.00396018 0.00147895
1.68252e+09 0.000805772 0.00397138 0.00150237
1.68252e+09 0.000822442 0.00397748 0.00151443
1.68252e+09 0.000585179 0.00413328 0.00130049
1.68252e+09 0.000606847 0.00414439 0.0013172
1.68252e+09 0.000633144 0.0041582 0.00133741
1.68252e+09 0.000648125 0.00416623 0.00134906
1.68252e+09 0.00067709 0.00418157 0.00137138
1.68252e+09 0.000696018 0.00419154 0.00138568
1.68252e+09 0.000724345 0.00420695 0.00140692
1.68252e+09 0.000741998 0.00421691 0.00142028
1.68252e+09 0.000775443 0.0042363 0.00144533
1.68252e+09 0.000790895 0.00424542 0.00145649
1.68252e+09 0.000823354 0.00426511 0.00147886
1.68252e+09 0.000838711 0.00427472 0.00148911
1.68252e+09 0.000899263 0.00431503 0.00153142
1.68252e+09 0.000635085 0.00428544 0.00137304
1.68252e+09 0.000662398 0.00430401 0.0013939
1.68252e+09 0.000690922 0.00432289 0.00141583
1.68252e+09 0.000706649 0.00433309 0.00142792
1.68252e+09 0.000735643 0.00435095 0.00145024
1.68252e+09 0.000750676 0.00435957 0.00146198
1.68252e+09 0.000780825 0.00437598 0.00148582
1.68252e+09 0.000800141 0.00438636 0.0015012
1.68252e+09 0.000828532 0.00440198 0.00152439
1.68252e+09 0.000844412 0.00441092 0.00153757
1.68252e+09 0.000875394 0.00442896 0.00156252
1.68252e+09 0.00089195 0.00443893 0.00157552
1.68252e+09 0.000675989 0.0043616 0.00138285
1.68252e+09 0.00069727 0.00437327 0.00139714
1.68252e+09 0.000730301 0.00439208 0.00141826
1.68252e+09 0.000759209 0.00440903 0.00143541
1.68252e+09 0.000792807 0.00442895 0.00145445
1.68252e+09 0.000809185 0.00443873 0.0014638
1.68252e+09 0.000840364 0.00445774 0.00148252
1.68252e+09 0.000860093 0.00447002 0.00149475
1.68252e+09 0.000881372 0.0044833 0.00150775
1.68252e+09 0.000912602 0.00450247 0.0015265
1.68252e+09 0.00093048 0.00451332 0.00153718
1.68252e+09 0.000969723 0.00453801 0.00156127
1.68252e+09 0.000656528 0.00435582 0.00141449
1.68252e+09 0.000676693 0.00437001 0.00143143
1.68252e+09 0.000716495 0.00439681 0.00146437
1.68252e+09 0.000744685 0.00441498 0.00148764
1.68252e+09 0.000772549 0.0044328 0.00151138
1.68252e+09 0.000806838 0.00445453 0.00154049
1.68252e+09 0.000834974 0.00447225 0.00156319
1.68252e+09 0.000866235 0.00449219 0.0015874
1.68252e+09 0.000881499 0.00450207 0.00159906
1.68252e+09 0.000912658 0.00452228 0.00162285
1.68252e+09 0.000927805 0.00453203 0.00163433
1.68252e+09 0.000956544 0.00455024 0.0016556
1.68252e+09 0.000373164 0.00461232 0.000208914
1.68252e+09 0.000384406 0.00462966 0.000220321
1.68252e+09 0.0003912 0.00464061 0.000227018
1.68252e+09 0.000403639 0.00466087 0.000239259
1.68252e+09 0.000410942 0.00467291 0.000246342
1.68252e+09 0.000422702 0.00469293 0.000257371
1.68252e+09 0.000429879 0.00470575 0.000264222
1.68252e+09 0.000442277 0.00472876 0.000277471
1.68252e+09 0.00044786 0.00473922 0.000283911
1.68252e+09 0.000460212 0.0047617 0.000297612
1.68252e+09 0.000466012 0.00477199 0.000303837
1.68252e+09 0.000477419 0.0047921 0.000316527
1.68252e+09 0.000483056 0.00480198 0.000323035
1.68252e+09 0.000436329 0.0044648 0.000399491
1.68252e+09 0.000443615 0.00447098 0.000409332
1.68252e+09 0.000460707 0.00448466 0.000430061
1.68252e+09 0.000468679 0.0044907 0.000438744
1.68252e+09 0.000487062 0.00450433 0.00045855
1.68252e+09 0.000495572 0.00451061 0.000467939
1.68252e+09 0.000514097 0.00452425 0.000488528
1.68252e+09 0.000522249 0.00453027 0.000497535
1.68252e+09 0.000540116 0.00454383 0.00051817
1.68252e+09 0.00054973 0.00455141 0.000530171
1.68252e+09 0.000566139 0.0045652 0.000551804
1.68252e+09 0.000573984 0.00457219 0.000562267
1.68252e+09 0.000591598 0.00458793 0.000585409
1.68252e+09 0.000360475 0.00463321 0.000219932
1.68252e+09 0.000372076 0.00465344 0.00023419
1.68252e+09 0.000377917 0.00466387 0.000241597
1.68252e+09 0.000389462 0.00468588 0.000257615
1.68252e+09 0.00039556 0.00469844 0.000266845
1.68252e+09 0.000405182 0.00471961 0.000281762
1.68252e+09 0.000410533 0.00473223 0.000290101
1.68252e+09 0.000420107 0.00475609 0.000305182
1.68252e+09 0.000424875 0.00476823 0.000312793
1.68252e+09 0.000434321 0.0047921 0.000328091
1.68252e+09 0.000438836 0.00480354 0.000335479
1.68252e+09 0.000448721 0.0048286 0.000351684
1.68252e+09 0.000453452 0.00484044 0.000359363
1.68252e+09 0.0002991 0.00439891 0.000337723
1.68252e+09 0.000306043 0.00440975 0.000351161
1.68252e+09 0.000316398 0.00442605 0.00037187
1.68252e+09 0.000321249 0.00443349 0.000381549
1.68252e+09 0.000331219 0.00444876 0.000401528
1.68252e+09 0.000336685 0.00445733 0.000412706
1.68252e+09 0.000346293 0.00447247 0.000432011
1.68252e+09 0.00035283 0.00448278 0.000444934
1.68252e+09 0.000362884 0.00449858 0.000465078
1.68252e+09 0.000367604 0.00450587 0.000474563
1.68252e+09 0.000377149 0.00452058 0.00049368
1.68252e+09 0.000382575 0.00452914 0.000504426
1.68252e+09 0.000392813 0.00454589 0.000524096
1.68252e+09 0.00039862 0.00455557 0.000534994
1.68252e+09 0.000503529 0.0042704 0.00122507
1.68252e+09 0.000514746 0.00428101 0.00123379
1.68252e+09 0.000541922 0.00430626 0.00125457
1.68252e+09 0.000552763 0.00431629 0.00126266
1.68252e+09 0.000576422 0.00433821 0.00127949
1.68252e+09 0.000616354 0.00437491 0.00130711
1.68252e+09 0.000646979 0.00440317 0.00132874
1.68252e+09 0.000669828 0.00442463 0.00134539
1.68252e+09 0.000694878 0.00444819 0.00136368
1.68252e+09 0.000709236 0.00446159 0.001374
1.68252e+09 0.000733974 0.00448484 0.00139174
1.68252e+09 0.000303826 0.00458048 0.000121343
1.68252e+09 0.000314469 0.00461204 0.000137943
1.68252e+09 0.000321534 0.00463528 0.000150045
1.68252e+09 0.000328228 0.00465784 0.000161549
1.68252e+09 0.000334825 0.00468103 0.000173001
1.68252e+09 0.000338779 0.00469545 0.000180046
1.68252e+09 0.00034599 0.00472092 0.000193306
1.68252e+09 0.000349692 0.0047335 0.00020035
1.68252e+09 0.000357579 0.00476079 0.000215411
1.68252e+09 0.000360821 0.00477249 0.000221559
1.68252e+09 0.000368003 0.00479907 0.000235343
1.68252e+09 0.000371091 0.00481051 0.000241368
1.68252e+09 0.000380065 0.00463085 0.000359389
1.68252e+09 0.000385586 0.0046432 0.000369063
1.68252e+09 0.000395882 0.00466593 0.000386182
1.68252e+09 0.000402295 0.00467991 0.000396442
1.68252e+09 0.000412791 0.00470304 0.000413177
1.68252e+09 0.000419524 0.00471812 0.000424016
1.68252e+09 0.000430514 0.00474175 0.000441341
1.68252e+09 0.00043871 0.00475865 0.000453847
1.68252e+09 0.000449522 0.00478098 0.000470518
1.68252e+09 0.000456637 0.00479582 0.000481899
1.68252e+09 0.000468234 0.00482002 0.000500894
1.68252e+09 0.000475041 0.00483401 0.000511816
1.68252e+09 0.0004875 0.00485839 0.000530664
1.68252e+09 0.000494466 0.00487144 0.000540869
1.68252e+09 0.000569704 0.00447788 0.00122076
1.68252e+09 0.000582518 0.00449195 0.00122954
1.68252e+09 0.000608376 0.00452052 0.00124837
1.68252e+09 0.000618271 0.00453131 0.00125591
1.68252e+09 0.000642077 0.00455622 0.00127357
1.68252e+09 0.000656749 0.00457094 0.00128395
1.68252e+09 0.000680005 0.00459393 0.00129919
1.68252e+09 0.000695454 0.00460924 0.0013084
1.68252e+09 0.000723662 0.00463761 0.001324
1.68252e+09 0.000738162 0.00465226 0.00133173
1.68252e+09 0.000762309 0.00467672 0.00134458
1.68252e+09 0.000773797 0.00468854 0.0013505
1.68252e+09 0.00059053 0.00444909 0.0013002
1.68252e+09 0.000610531 0.00447021 0.00131002
1.68252e+09 0.000639413 0.00450082 0.00132222
1.68252e+09 0.0006576 0.00451967 0.00132895
1.68252e+09 0.000685278 0.00454798 0.00133965
1.68252e+09 0.000700177 0.00456305 0.00134557
1.68252e+09 0.00072878 0.00459179 0.00135714
1.68252e+09 0.00074736 0.00461023 0.0013647
1.68252e+09 0.000780022 0.0046416 0.00137764
1.68252e+09 0.000797399 0.00465784 0.00138454
1.68252e+09 0.000833276 0.00469153 0.0013987
1.68252e+09 0.000848574 0.00470638 0.00140481
1.68252e+09 0.000883729 0.00474232 0.00142021
1.68252e+09 0.000899401 0.00475887 0.00142764
1.68252e+09 0.000927697 0.00478931 0.00144205
1.68252e+09 0.000949921 0.00481399 0.00145402
1.68252e+09 0.00097962 0.00484823 0.00147057
1.68252e+09 0.000735863 0.00456671 0.00125714
1.68252e+09 0.000764221 0.00459838 0.00127223
1.68252e+09 0.000776897 0.00461251 0.00127895
1.68252e+09 0.000806089 0.00464483 0.00129448
1.68252e+09 0.000829064 0.00467 0.00130652
1.68252e+09 0.000857911 0.00470165 0.00132124
1.68252e+09 0.000871571 0.00471672 0.00132814
1.68252e+09 0.000901998 0.00474955 0.00134313
1.68252e+09 0.000923083 0.00477163 0.00135311
1.68252e+09 0.000954493 0.00480362 0.00136745
1.68252e+09 0.000973672 0.0048227 0.00137601
1.68252e+09 0.00101213 0.00486052 0.00139295
1.68252e+09 0.000782305 0.00465747 0.00127864
1.68252e+09 0.000821671 0.00469386 0.00129447
1.68252e+09 0.00083831 0.00470903 0.00130085
1.68252e+09 0.000880283 0.00474677 0.0013167
1.68252e+09 0.000896751 0.00476155 0.00132287
1.68252e+09 0.000934679 0.00479621 0.00133724
1.68252e+09 0.00096077 0.00482056 0.00134753
1.68252e+09 0.000995318 0.00485304 0.00136176
1.68252e+09 0.00101012 0.00486692 0.00136793
1.68252e+09 0.00104669 0.00490104 0.00138313
1.68252e+09 0.00106764 0.0049205 0.00139193
1.68252e+09 0.00110192 0.00495227 0.00140638
1.68252e+09 0.00112561 0.00497412 0.00141624
1.68252e+09 0.000771398 0.00464855 0.00132737
1.68252e+09 0.000792201 0.00466609 0.00133708
1.68252e+09 0.000825395 0.00469431 0.00135269
1.68252e+09 0.000846193 0.00471231 0.00136257
1.68252e+09 0.000879573 0.00474169 0.00137835
1.68252e+09 0.000899758 0.0047597 0.00138778
1.68252e+09 0.000936408 0.00479236 0.00140468
1.68252e+09 0.000952763 0.00480696 0.00141229
1.68252e+09 0.000992713 0.00484324 0.00143183
1.68252e+09 0.00102502 0.00487308 0.00144779
1.68252e+09 0.00105668 0.00490293 0.00146293
1.68252e+09 0.000798436 0.00461208 0.00130988
1.68252e+09 0.00082637 0.0046399 0.00132052
1.68252e+09 0.000846428 0.00466027 0.00132821
1.68252e+09 0.000885221 0.00469916 0.00134391
1.68252e+09 0.00090422 0.00471785 0.001352
1.68252e+09 0.00093741 0.00475076 0.00136649
1.68252e+09 0.000966543 0.00478036 0.00138007
1.68252e+09 0.000980943 0.0047952 0.00138712
1.68252e+09 0.00101466 0.00482975 0.00140318
1.68252e+09 0.00102967 0.00484502 0.00141008
1.68252e+09 0.00106095 0.00487692 0.00142478
1.68252e+09 0.00107829 0.00489477 0.0014331
1.68252e+09 0.00111226 0.00493028 0.00144872
1.68252e+09 0.000727127 0.00452543 0.00136694
1.68252e+09 0.00076076 0.00455954 0.00138383
1.68252e+09 0.000775652 0.00457446 0.00139085
1.68252e+09 0.000806342 0.00460645 0.00140632
1.68252e+09 0.00081964 0.00462096 0.00141348
1.68252e+09 0.000851086 0.00465533 0.00142987
